{
  "nbformat": 4,
  "nbformat_minor": 0,
  "metadata": {
    "colab": {
      "provenance": []
    },
    "kernelspec": {
      "name": "python3",
      "display_name": "Python 3"
    },
    "language_info": {
      "name": "python"
    }
  },
  "cells": [
    {
      "cell_type": "code",
      "execution_count": 15,
      "metadata": {
        "colab": {
          "base_uri": "https://localhost:8080/"
        },
        "id": "ZHVYVTvbTqnc",
        "outputId": "68361a94-cc0c-42a1-ef5d-b6c97e8e0c14"
      },
      "outputs": [
        {
          "output_type": "stream",
          "name": "stdout",
          "text": [
            "[266, 153, 161, 278, 173]\n",
            "[array([4.61011124, 4.90770008]), array([-4.34906383, -4.58324669]), array([-0.75870102, -1.55271618]), array([3.66082597, 5.25447254]), array([-0.71954097, -1.46082953])]\n",
            "[[0.08496370597840251, 0.0008788063192881138, 0.0021507308776190686, 0.9098071568981843, 0.0021995999265061895], [0.12405364492853206, 0.053719920460845526, 0.32750969034937905, 0.14729593562547227, 0.34742080863577113], [0.003921560776966761, 0.9365442373296644, 0.028185367570791646, 0.0041845644375355494, 0.02716426988504152], [0.19989858823669432, 0.0005916755987748203, 0.0015311914263725008, 0.7964097807605063, 0.0015687639776519574], [0.22251440000976092, 0.04929791085387586, 0.2210587197310764, 0.27595622086140636, 0.23117274854388048], [0.30663340509792153, 0.0005633598180832007, 0.0013769742996289887, 0.6900180549086186, 0.001408205875747737], [0.5427961446103192, 0.012927045622688012, 0.026645560043869927, 0.3905201087511785, 0.02711114097194418], [0.07301695625502481, 0.04740195954027546, 0.3825496485074118, 0.08500396919173021, 0.4120274665055577], [0.0016957630719112247, 0.9740801232628069, 0.011404607550403295, 0.0018070949638204134, 0.011012411151058166], [0.005670415275796666, 0.8986149941961007, 0.04572960331973954, 0.0060640196649758985, 0.04392096754338728], [0.00200728389783431, 0.9696444801367159, 0.013331824799454956, 0.0021385237738631973, 0.012877887392131748], [0.48481945932956816, 0.0041186880708864075, 0.011139111547377668, 0.4884938840734053, 0.011428856978762529], [0.546563612805228, 0.012351574499847948, 0.025564509081009254, 0.389506027238998, 0.026014276374916784], [0.0008745312902141914, 0.002828068232768023, 0.445236735821546, 0.000970676651253401, 0.5500899880042185], [0.00099545068918589, 0.9826538284058889, 0.007794123562210551, 0.0010639609563628959, 0.0074926363863515805], [0.004922711558027479, 0.010710144615191371, 0.46606039657046217, 0.005510021404360926, 0.5127967258519581], [0.0073683008061327954, 0.9012716735558286, 0.042409189655339345, 0.007826336031155413, 0.04112449995154386], [0.06454653843236222, 0.0453607079549214, 0.3916638841968176, 0.07488818495372061, 0.42354068446217824], [0.002315170235009606, 0.010945795626268219, 0.56544894495628, 0.002552775622359151, 0.418737313560083], [0.0018023128223750389, 0.9664820478179006, 0.015204221570301513, 0.001929010387703117, 0.014582407401719897], [0.14651021448410484, 0.05422996135302419, 0.303336739495975, 0.17550581411867341, 0.3204172705482225], [0.006444021797127117, 0.02519315319655035, 0.4627719668281496, 0.00712776438206478, 0.49846309379610804], [0.25990020917298895, 0.0005400828487518438, 0.0013658713440995616, 0.7367954809734715, 0.0013983556606883142], [0.8454484198050553, 0.0021780681382381427, 0.005584309903641657, 0.14106957803485598, 0.005719624118208804], [0.012750458570701619, 0.03694381573364539, 0.45520191472081256, 0.014182853955285811, 0.48092095701955473], [0.4150999395927451, 0.0013524174416127807, 0.0035107404950637383, 0.5764396564684048, 0.0035972460021735635], [0.009007115908002962, 0.017924303525276547, 0.46430458748010145, 0.010103293312744517, 0.4986606997738745], [0.05425730797429913, 0.0004957959472189371, 0.0012538554816444497, 0.9427093653163482, 0.0012836752804893771], [0.01744433626955719, 7.201426279479828e-05, 0.00018258259736421558, 0.9821141269661061, 0.00018693990417780612], [0.001074927189712632, 0.002933709873493094, 0.4486069459822209, 0.0011971556203433584, 0.54618726133423], [0.0647205637290084, 0.04540651651691006, 0.39147698983196644, 0.07509539824824754, 0.4233005316738676], [0.015591449983750554, 0.0460908029106323, 0.44918364713172515, 0.017336002363608303, 0.4717980976102837], [0.005727230799710134, 0.011444914070581475, 0.46623652029697304, 0.0064235858566828105, 0.5101677489760525], [0.0012828334594011466, 0.9761316899355448, 0.010827726160354543, 0.0013730264347599282, 0.010384724009939715], [0.18279110706048968, 0.05300929905152093, 0.2642371261747065, 0.2223440668236506, 0.2776184008896323], [0.0037985070698459524, 0.007596003991716115, 0.4250338891250949, 0.004260281944694256, 0.5593113178686488], [0.5355144240635932, 0.014109879419125443, 0.028845427597459467, 0.39218772550112785, 0.02934254341869401], [0.39183826527046156, 0.0042905705350430095, 0.011776690153271596, 0.5800055440387598, 0.012088930002464087], [0.06105990919561718, 0.044405874166406574, 0.3954038618677845, 0.07074207353007907, 0.4283882812401127], [0.5630717329207758, 0.010106170961225151, 0.021274915891689016, 0.3838873694726311, 0.021659810753678847], [0.0009840224778044921, 0.0024034274096867325, 0.3725722509583399, 0.0010985286351770439, 0.6229417705189919], [0.00010103936607807758, 0.9982998686324469, 0.0007598430518198404, 0.00010791049275743317, 0.0007313384568978114], [0.005842360768819334, 0.013893359760641778, 0.4659552157526163, 0.006526085394435228, 0.5077829783234874], [0.5559400200084492, 0.01102280336649042, 0.023040196233724917, 0.38654477493634526, 0.023452205454990206], [0.2760725842064227, 0.0013707919197145737, 0.0036141648629684745, 0.7152373747570772, 0.0037050842538170516], [0.5740996950092476, 0.008836892225546476, 0.018796261988285056, 0.3791250866376598, 0.019142064139261013], [0.10207181638055599, 0.052036174475462584, 0.3512007897965707, 0.12017511989964044, 0.3745160994477702], [0.6148050332456421, 0.005432627721301269, 0.011927729548025047, 0.3556761190112503, 0.012158490473781366], [0.1622304749437185, 0.05398285325212095, 0.2864123892075065, 0.19559202707229015, 0.3017822555243639], [0.002738587086842784, 0.9569002926591496, 0.01905697389723624, 0.0029203854769264646, 0.018383760879844984], [0.001023477932227511, 0.9830450534021654, 0.0075592245675503555, 0.001092698880461436, 0.007279545217595518], [0.011819810475699705, 0.02958860180004676, 0.4587669565330574, 0.013188104704953872, 0.4866365264862423], [0.5141650459458363, 0.018144472912114767, 0.036140395495372506, 0.39481397747268504, 0.03673610817399134], [0.28667459537000733, 0.002057083522040792, 0.005514773367719571, 0.7000969618547457, 0.00565658588548665], [0.9809104076985962, 9.140813982560004e-05, 0.00022478961660915428, 0.018543462413136837, 0.00022993213183208433], [0.0007623020589247051, 0.0019104593970302453, 0.35802082379151673, 0.0008505270659386337, 0.6384558876865897], [0.14965698392636492, 0.054217625458125175, 0.29994986615307884, 0.17950300165538752, 0.31667252280704355], [0.7417487324186269, 0.005197013799067771, 0.012016483708573486, 0.22876977087302444, 0.012267999200707383], [0.5800253180250076, 0.008223776734752507, 0.0175839541979436, 0.3762567634863948, 0.017910187555901416], [0.5419587319499534, 0.01305829699210023, 0.02689112043387509, 0.3907315865194698, 0.027360264104601503], [0.07682204533342048, 0.0005287629804377462, 0.001299335651799185, 0.9200208272603239, 0.0013290287740187485], [0.005964614620388938, 0.903610129770768, 0.04280486348584182, 0.006364449693800512, 0.041255942429200616], [0.5629627275047653, 0.010119596317726407, 0.02130091706486164, 0.38393054348407424, 0.021686215628572484], [0.720973636958652, 0.001213509619100294, 0.002838861266271168, 0.2720746773222167, 0.0028993148337598056], [0.5094144060043209, 0.019162304881099625, 0.03793317226075307, 0.3949383639120136, 0.03855175294181283], [0.5285057238962736, 0.015339203306838092, 0.031101391613943506, 0.393423715238645, 0.03162996594429982], [0.004000674136602489, 0.011171212979496187, 0.46544108221953584, 0.004453472899374258, 0.5149335577649912], [0.18356899724329065, 0.0009327513972812615, 0.002265786922197229, 0.8109157343517757, 0.002316730085455226], [0.081525780075989, 0.04910322471782036, 0.37337296194285674, 0.09522751385845814, 0.4007705194048758], [0.5293733103600525, 0.015182087859112566, 0.030814742434744895, 0.3932904910148244, 0.031339368331265605], [0.5476453269898907, 0.012190832195051435, 0.02526125282799058, 0.38919604193437013, 0.025706546052697343], [0.07575674977074914, 0.00045662988399142727, 0.001124321228266151, 0.9215122123123477, 0.001150086804645586], [0.12773953501519442, 0.05388037520515944, 0.32354077034741835, 0.15188973673802833, 0.3429495826941995], [0.1594467402284679, 0.05405961619761631, 0.2894104800357962, 0.19201327275934896, 0.3050698907787706], [0.5413870184562203, 0.013148609158579287, 0.027059873255919745, 0.3908730400878815, 0.027531459041399205], [0.5177898675870184, 0.01739779878000128, 0.03481345207678076, 0.3946069840795947, 0.035391897476605004], [0.00021146558016949904, 0.9963045746077466, 0.0016611712219779425, 0.00022603331981952142, 0.0015967552702863576], [0.003214020868821526, 0.015235442848541012, 0.46389021398848046, 0.00354372822882077, 0.5141165940653363], [0.005350866629286182, 0.015672296138734283, 0.4655335283685707, 0.005950689165557684, 0.5074926196978512], [0.004867590804365667, 0.9239816550409126, 0.03356925701940843, 0.00518978968249723, 0.03239170745281596], [0.40290724174804177, 0.0006257510156420588, 0.0015627962902825872, 0.5933048840024715, 0.0015993269435621747], [0.07150808166183527, 0.04706529511103849, 0.38417530668089306, 0.08319751101969496, 0.41405380552653825], [0.001586607195239674, 0.9756519524992455, 0.010720266009630016, 0.001690932027050979, 0.010350242268833833], [0.11366373333297951, 0.05308729266457722, 0.3387025499597172, 0.134419441034092, 0.36012698300863405], [0.5190564514985714, 0.01714295472396456, 0.03435823211859228, 0.3945116752453256, 0.03493068641354605], [0.0768661950172154, 0.04821179463605804, 0.3783998307681655, 0.0896212004796197, 0.40690097909894135], [0.004074978046824857, 0.9228280175986218, 0.035095664913954806, 0.004363068351956449, 0.033638271088642105], [0.511229614347099, 0.01876810837319311, 0.03724101552894433, 0.39491043195442244, 0.03785082979634098], [0.5437948081331755, 0.0006222428864060117, 0.0015298521521567804, 0.45248825774698925, 0.001564839081272397], [0.339736900674106, 0.000574490507199768, 0.0014076096920934429, 0.6568413530443699, 0.001439646082231003], [0.1713245494697071, 0.05363848620038133, 0.27661221843359457, 0.2073530398700471, 0.2910717060262699], [0.0016911831809374278, 0.006263217972811797, 0.45842567657756705, 0.0018724110108531877, 0.5317475112578305], [0.5293935655669565, 0.015178436578362781, 0.03080807508690785, 0.39328731379132104, 0.03133260897645189], [0.0007188569522932897, 0.001893530954179879, 0.4382519874079824, 0.0008011953044108757, 0.5583344293811335], [0.001963956763856183, 0.9638262668006594, 0.016386452977839697, 0.0021015965319934513, 0.01572172692565158], [0.5628867159976465, 0.010128968604288356, 0.02131906595533824, 0.3839606032161658, 0.021704646226561153], [0.0729845041120558, 0.04739483526503525, 0.3825846194579565, 0.08496509626218776, 0.41207094490276475], [0.5346370555865174, 0.014258822022406237, 0.029120376298228258, 0.39236237261133466, 0.02962137348151328], [0.5434549529598791, 0.012824646685120218, 0.02645372346232646, 0.39035016331207656, 0.02691651358059764], [0.16352026460349534, 0.05394265824779741, 0.28502303731373796, 0.19725349886815763, 0.3002605409668116], [0.5599409809542832, 0.010498909435210122, 0.02203372870655754, 0.38509602929655556, 0.022430351607393463], [0.0027198447854161986, 0.006090668283526545, 0.46240781864451974, 0.003042297517154667, 0.5257393707693829], [0.0038122293561911667, 0.9332355158212916, 0.030021785820662453, 0.004075042366010506, 0.028855426635844304], [0.0028474399539880416, 0.006005608991450406, 0.41713025082622285, 0.0031894950926911526, 0.5708272051356474], [0.0006331847498731578, 0.0016138058598593472, 0.3464771755141939, 0.0007062084227821227, 0.6505696254532914], [0.005003276494096379, 0.00944684191405273, 0.4310033449841765, 0.005619516033864374, 0.54892702057381], [0.7098271101177448, 0.0005532861277394924, 0.0013807929272677947, 0.28682577475827653, 0.0014130360689715226], [0.548740886637201, 0.012030046129518829, 0.02495734141337724, 0.3888735917506483, 0.02539813406925466], [0.061273378938001256, 0.04446641184041909, 0.39517515196512254, 0.07099562201227043, 0.4280894352441867], [0.5240722167793762, 0.01616425258356975, 0.032598775102233246, 0.3940170087002074, 0.03314774683461336], [0.006236960802616092, 0.013076979586468225, 0.46609144173492306, 0.006987174452119021, 0.5076074434238736], [0.5180648719368013, 0.001885800589732991, 0.00442925807425951, 0.4710959369944536, 0.004524132404752573], [0.13921757140185131, 0.05418278837635798, 0.3111854299882458, 0.166285370744343, 0.32912883948920185], [0.15304211877775672, 0.05418313767237678, 0.2963060921410095, 0.1838158486607209, 0.3126528027481361], [0.07970984222276808, 0.04876695730591344, 0.3753323584858994, 0.09304038748997659, 0.4031504544954425], [0.5235079174574744, 0.016271945956304653, 0.032793263471665314, 0.39408201653988445, 0.03334485657467113], [0.6062564487407313, 0.007896169482329123, 0.016971482115542242, 0.3515869182897724, 0.017288981371624913], [0.5324876930490764, 0.014629643988492086, 0.0298029577426628, 0.39276617152246535, 0.030313533697303413], [0.0019468596821386828, 0.004363322176371032, 0.40404799845584727, 0.0021776288672707023, 0.5874641908183723], [0.0057844528714567555, 0.017096809214364052, 0.4652700082156837, 0.006431706836646164, 0.5054170228618493], [0.5102565802266562, 0.01897860032375425, 0.03761094986663382, 0.3949284103494422, 0.03822545923351342], [0.001970171668214532, 0.9626292093909233, 0.016998970609940166, 0.0021095265722920757, 0.016292121758629968], [0.025353384629924928, 0.0001932319029150624, 0.0004931017352140939, 0.9734553075847782, 0.0005049741471677615], [0.8605696718932304, 0.0017649221204415792, 0.004401101560493215, 0.1287605444247768, 0.004503760001058064], [0.17180666306621056, 0.002790870359542505, 0.0066381877153985445, 0.8119812723645912, 0.006783006494257346], [0.5420376254779354, 0.013045879363087074, 0.02686790386677944, 0.39071188013283675, 0.027336711159361437], [0.10452293697755259, 0.052291156774319295, 0.3485570851061262, 0.12317666316837479, 0.3714521579736271], [0.5279675610780096, 0.000775881907113254, 0.001971155048440155, 0.4672670744718363, 0.002018327494600692], [0.5406631554590192, 0.013263780201376786, 0.027274824521630193, 0.39104872619538683, 0.027749513622586937], [0.5457943950849033, 0.012467089850181521, 0.02578208900052483, 0.38972137002286633, 0.026235056041523933], [0.5263984420065582, 0.015726714226712558, 0.03180632389609275, 0.3937239714456256, 0.03234454842501089], [0.1326027821688676, 0.05404399197232451, 0.31830520870286083, 0.1579722201759847, 0.3370757969799624], [0.0013299980772324225, 0.979089472741066, 0.009244270822961444, 0.0014182557415027526, 0.00891800261723755], [0.6613675806984823, 0.009112052361623794, 0.019517949745647103, 0.29012131912622097, 0.01988109806802584], [0.3622185984293785, 0.0005951953561271113, 0.0014694877413271605, 0.6342134267009419, 0.0015032917722252327], [0.9702875282969582, 0.00020262207247643432, 0.0004897256882063257, 0.02851946598234789, 0.0005006579600111416], [0.0031688748998712113, 0.006557789015392586, 0.42026297267575174, 0.0035511560477764085, 0.566459207361208], [0.011065983156511854, 0.035684860004409846, 0.4568410554816947, 0.01228323054257699, 0.4841248708148067], [0.0034465738925271725, 0.009991990717450659, 0.4647989118559047, 0.0038337200247465907, 0.5179288035093709], [0.001710516943143819, 0.004527458054050772, 0.4571120850427747, 0.0019062453869218203, 0.534743694573109], [0.0062553374283719106, 0.8549652427065029, 0.06768127599559669, 0.0067235849961087245, 0.06437455887341999], [0.5839610234118069, 0.015010007252201004, 0.03074859379521651, 0.3390000351906681, 0.031280340350107544], [0.5530855346339214, 0.011412072234330769, 0.023783865975094014, 0.38751140569325804, 0.024207121463395785], [0.5470778544744312, 0.012274911113964873, 0.025419947160573886, 0.38935970349160676, 0.025867583759423166], [0.003294380611385006, 0.011076541806896064, 0.46456398304190194, 0.0036538655247967213, 0.5174112290150203], [0.006209783753054207, 0.01631141036241627, 0.4654752811918984, 0.006921468078798145, 0.5050820566138331], [0.39568529459266427, 0.0022335984359541797, 0.005921162186996751, 0.5900887500025421, 0.006071194781842604], [0.14757904717257883, 0.05422793248533646, 0.3021863784120373, 0.17686222213727634, 0.31914441979277103], [0.0002497285885274708, 0.9955689122047884, 0.0019963905592977776, 0.0002670196765638133, 0.0019179489708228375], [0.563593375067989, 0.010042170255016964, 0.0211509035997146, 0.38367967986492546, 0.021533871212353943], [0.9934065546921539, 2.8332449963162944e-05, 6.851368825294696e-05, 0.006426554893148471, 7.004427648157094e-05], [0.10011750885114788, 0.051819580764057106, 0.3533089840464753, 0.11778589553980438, 0.3769680307985153], [0.06440041905479897, 0.00023024624100463693, 0.0005928251243379501, 0.9341692371969329, 0.0006072723829255454], [0.002795576309703998, 0.9516337332102164, 0.021708841535599935, 0.0029875125717776555, 0.02087433637270204], [0.11343203291909354, 0.053069993131133, 0.3389522541928003, 0.13413348435913947, 0.3604122353978336], [0.004250241621051856, 0.008309272861989648, 0.4276551997100666, 0.0047695856444087935, 0.555015700162483], [0.15072170363863402, 0.054209123479781046, 0.29880384428863327, 0.18085806087114992, 0.3154072677218018], [0.00019435118251097115, 0.0005633740380763238, 0.6107961068224728, 0.00021618277883702375, 0.3882299851781028], [0.5256297703428208, 0.015870155223051536, 0.03206652335295189, 0.39382526261436446, 0.03260828846681141], [0.5249995968565053, 0.015988588116698437, 0.03228106013248539, 0.39390501906474373, 0.032825735829567035], [0.15064677095783513, 0.05420979266339107, 0.29888450011076984, 0.1807626513647485, 0.31549628490325543], [0.00012057761116664672, 0.0003848986070001521, 0.016872503200426728, 0.00013386716590595954, 0.9824881534155006], [0.522200233456889, 0.016523855555580343, 0.03324733997170994, 0.39422354264119064, 0.03380502837463013], [0.14979327300835993, 0.0542166582725728, 0.29980317209912116, 0.17967638171540143, 0.3165105149045446], [0.0012910880585322777, 0.979957283655011, 0.008841862927793145, 0.0013763553623932076, 0.008533409996270358], [0.5373043363581939, 0.013810349886424437, 0.02829111636323346, 0.3918138305392017, 0.028780366852946535], [0.5808573996355129, 0.00814131239868745, 0.017420121738334078, 0.3758374788521721, 0.017743687375293502], [0.0007857609030686235, 0.9857334925853011, 0.00644930878500795, 0.0008405765100633528, 0.006190861216559071], [0.09778476221834996, 0.051545148165724065, 0.35582577909856483, 0.11493855691146315, 0.379905753605898], [0.5216595223825357, 0.016628977395472422, 0.03343647211080057, 0.3942783390333133, 0.03399668907787812], [0.0013770665254632091, 0.004545129526647278, 0.4547145839847692, 0.0015278657734526246, 0.5378353541896678], [0.520304264753511, 0.016894936765258255, 0.033914053940003484, 0.3944061154583856, 0.03448062908284156], [0.5767853646463985, 0.009722929197596467, 0.02055658497046809, 0.37200401909331304, 0.020931102092223864], [0.00012329533626096183, 0.0003701060912710753, 0.9824968960659816, 0.00013704916643961384, 0.01687265334004694], [0.042321682500434936, 0.037832743401728514, 0.41520669336893196, 0.04863868638904211, 0.4560001943398625], [0.84207458589844, 0.0014313518294841213, 0.0036484664517675595, 0.14910942110182032, 0.0037361747184879745], [0.008962576309627823, 0.017424318406152585, 0.4644568176549653, 0.010059120681970046, 0.4990971669472842], [0.002460258681952669, 0.011803282532041166, 0.5624460040674268, 0.0027121305739899334, 0.42057832414458945], [0.09736702450627704, 0.05149413942995719, 0.35627651404781996, 0.11442918774976495, 0.38043313426618086], [0.0018744643854185614, 0.9644486836193854, 0.016171083184465643, 0.0020070449904745916, 0.015498723820255876], [0.5323785813329726, 0.0146486950070517, 0.029837950502726366, 0.39278575782419656, 0.030349015333052898], [0.001059199240529728, 0.0033012442408864124, 0.4492850301677364, 0.001176484412262025, 0.5451780419385854], [0.40961696553597254, 0.001262130709413405, 0.003021665434297621, 0.5830110297838186, 0.0030882085364978477], [0.008584027923463192, 0.019259190972840554, 0.46411727103616746, 0.009601290877636079, 0.49843821918989284], [0.09234456452239687, 0.05083492794420823, 0.3616964637019646, 0.10831729511315401, 0.3868067487182763], [0.1846861228993449, 0.00043124984986383326, 0.0010679172019975136, 0.8127221234019548, 0.0010925866468388214], [0.0012031464372453389, 0.0028729984156495155, 0.3829527066846955, 0.0013438248602665559, 0.611627323602143], [0.5172674175203681, 0.017503830046161486, 0.035002501333990674, 0.3946428264537563, 0.03558342464572342], [0.0949749919706733, 0.051190893290750925, 0.35885769676191326, 0.11151548069345688, 0.38346093728320557], [0.001713361380259388, 0.007565256482660247, 0.573353237678227, 0.0018912769885104314, 0.41547686747034285], [0.5466448156677541, 0.01233943887632727, 0.025541633911878196, 0.3894830472417349, 0.025991064302305595], [0.5541735430053005, 0.011262154392670238, 0.023497874212903846, 0.3871496114082455, 0.023916816980879958], [0.0026206579200403206, 0.9545415063995787, 0.02041176137372652, 0.0028007436645133836, 0.019625330642141198], [0.008761563990279823, 0.8776695188938373, 0.05296192011847325, 0.0093160769296838, 0.051290920067725974], [0.7900435300252463, 0.0008502869526009474, 0.001994558920565473, 0.20507442152355077, 0.002037202578036373], [0.5271442454655594, 0.015588609921072596, 0.031555429295502646, 0.3936214863917366, 0.03209022892612879], [0.532241789671726, 0.014672609990616262, 0.02988186704088773, 0.3928101881784068, 0.03039354511836318], [0.25404092901313974, 0.00188646751914293, 0.005066085741838067, 0.7338098638022461, 0.005196653923633175], [0.17010588781080935, 0.05369276568954609, 0.27792611760495256, 0.20577062833319135, 0.2925046005615007], [0.41300592040502754, 0.0006027408307293607, 0.0014685615600815098, 0.5834210557894502, 0.0015017214147113357], [0.0038848787242307787, 0.9302735277878329, 0.03146768600723323, 0.0041548800681698, 0.030219027412533354], [0.4065083766891598, 0.0013694399179451212, 0.0032716816615466636, 0.5855069888560553, 0.0033435128752930107], [0.5249154440218473, 0.016004460725431782, 0.03230979232434264, 0.39391544569583853, 0.032854857232539655], [0.002303466400507967, 0.9599867560941363, 0.017970589824481444, 0.0024618313891034715, 0.017277356291770598], [0.0013458194219285453, 0.9791541626266127, 0.00919271330733338, 0.0014346262196932424, 0.008872678424432115], [0.007640546302268499, 0.8796008588660758, 0.053246898930493156, 0.00814799666529515, 0.051363699235867324], [0.08229235262281966, 0.04924103043388762, 0.37254574036338306, 0.09615163536555474, 0.39976924121435486], [0.0007879452305593667, 0.0028133551815571613, 0.44349517558378176, 0.0008729567645357071, 0.552030567239566], [0.000290466046365552, 0.001042134627620922, 0.7003074756880134, 0.0003217762046211477, 0.298038147433379], [0.5424408257941877, 0.012982586720105204, 0.026749517831597593, 0.3906104612915402, 0.027216608362569325], [0.12117564647009935, 0.053571947980359184, 0.33060929368249437, 0.14371852591615653, 0.35092458595089066], [0.002288458262104053, 0.005606384748318596, 0.4608018313296205, 0.0025545850900610596, 0.5287487405698958], [0.5027497772542785, 0.0013241030716217165, 0.003150188942346216, 0.48955699322879637, 0.0032189375029572204], [0.08727744729250805, 0.050079534886990754, 0.367165484748105, 0.10217375744905934, 0.39330377562333685], [0.026422875955236944, 0.029525347826053455, 0.4307482837663185, 0.03013076935887111, 0.48317272309351983], [0.5158715117915578, 0.017789748220510274, 0.03551125982910259, 0.39472865810004404, 0.03609882205878536], [0.7828898414005055, 0.001301761388744282, 0.0033164287951457897, 0.20909586963387441, 0.0033960987817300554], [0.49942910914764865, 0.02144880387093612, 0.04189548527655675, 0.3946638481401641, 0.042562753564694425], [0.41646780721958404, 0.001613897401260225, 0.004214684197166498, 0.5733842398161894, 0.004319371365799877], [0.5444098589119817, 0.01267756119288319, 0.026177774253763605, 0.3900982673465526, 0.02663653829481882], [0.0029784133694182066, 0.006232543387457793, 0.4184762794295004, 0.003336828933953189, 0.5689759348796704], [0.61088568161269, 0.0056877025144997, 0.01245476856476842, 0.358277115310213, 0.012694731997828973], [0.012530026594494507, 0.03422036022159037, 0.4564648430641157, 0.013954600616718507, 0.48283016950308083], [0.07561697436279369, 0.04795650511942646, 0.3797469563233291, 0.08812134407481541, 0.40855822011963544], [0.11332515674186913, 0.053061964600184905, 0.3390674364933608, 0.134001598764928, 0.36054384339965717], [0.1120581565814311, 0.052964426008817775, 0.34043297805436085, 0.1324389464737197, 0.36210549288167054], [0.017590280699019075, 0.03646982451060123, 0.4516115489443582, 0.0197114244977717, 0.4746169213482498], [0.5369762034354529, 0.013864827724278248, 0.028392071066323354, 0.3918841397109853, 0.028882758062960093], [0.002367333474582853, 0.9517598209348748, 0.022155871718549155, 0.002538408205829225, 0.021178565666163926], [0.11632020276970048, 0.053275402869435454, 0.33583998390932507, 0.13770164907045898, 0.35686276138108003], [0.004733301404223914, 0.9112391791160867, 0.040310391243722314, 0.005066909015118687, 0.0386502192208485], [0.5562158347316618, 0.010985880708644315, 0.022969475245974213, 0.3864483997341541, 0.02338040957956552], [0.048198718730712554, 0.0004402410872602454, 0.0011386458808581184, 0.9490558296393358, 0.0011665646618334608], [0.5605520775756941, 0.010421078709696396, 0.021883647981922025, 0.3848652356998457, 0.02227796003284177], [0.015222211025539351, 0.021056508380773747, 0.4386780481768913, 0.017242979357290827, 0.5078002530595048], [0.00481527868687453, 0.8932771884273841, 0.04953635235765022, 0.005171486095824264, 0.04719969443226686], [0.14716907963044346, 0.05422897523438381, 0.3026276200169307, 0.17634179597259844, 0.3196325291456436], [0.11054671763740774, 0.052842308890514764, 0.34206214859614575, 0.1305768117053058, 0.36397201317062594], [0.025237450512373052, 9.90904182545281e-05, 0.0002509513696073566, 0.9741555765216792, 0.00025693117808607], [0.09165618646742259, 0.050737777060138926, 0.3624394095496441, 0.10748135181011073, 0.38768527511268364], [0.5419150762990781, 0.013065172958029716, 0.026903974637960217, 0.39074247159686654, 0.02737330450806527], [0.001225264784472243, 0.004839942910124191, 0.45358249717160126, 0.0013550289980448318, 0.5389972661357576], [0.005246423271903822, 0.015314702822654798, 0.4655831033382586, 0.005834933821878573, 0.5080208367453042], [0.13395646645499, 0.054080102793984924, 0.3168480738450786, 0.1596696699947004, 0.3354456869112461], [0.00025670832729269763, 0.9957709721428989, 0.0018838183924377648, 0.00027403603157469145, 0.0018144651057958614], [0.1424120968659678, 0.0005300079829093627, 0.0013797197566301576, 0.8542643306557021, 0.001413844738790584], [0.0059714600536138265, 0.9098062658217143, 0.039603753073418485, 0.006361698157620977, 0.038256822893632435], [0.11884202061347043, 0.05343690853939959, 0.333123044370981, 0.1408238099188444, 0.35377421655730457], [0.5327600202597818, 0.014582191083054636, 0.0297157649089579, 0.3927169019598353, 0.03022512178837044], [0.005798768946877285, 0.9092464025125622, 0.04009048203560404, 0.0061829121075519106, 0.03868143439740454], [0.00462856126750526, 0.920723719062125, 0.03552811150891757, 0.004945257609661702, 0.034174350551790716], [0.0017411050913735194, 0.965413422070567, 0.015831728880659025, 0.0018659908872249301, 0.015147753070175468], [0.00345525631525636, 0.9411866043818312, 0.02633244007285977, 0.003691168485754657, 0.02533453074429777], [0.5485838657015454, 0.012052966932706941, 0.02500070055658113, 0.3889203304659539, 0.02544213634321261], [0.005543901579028567, 0.8975889443603701, 0.046410854343260075, 0.005932795490650351, 0.04452350422669105], [0.0012856559330468198, 0.0030457780345845443, 0.3861715242848301, 0.0014362366401309684, 0.6080608051074076], [0.0011501074777152994, 0.0027608065721522216, 0.3807067997990379, 0.0012844338443127649, 0.6140978523067818], [0.5447160224074844, 0.012630735816864969, 0.026089826152307934, 0.39001611147053006, 0.026547304152812697], [0.654026223437182, 0.0005693610503134369, 0.001385617548956428, 0.34260194497222035, 0.0014168529913276436], [0.003336191564395966, 0.9295789942000675, 0.0324897619924031, 0.003579709540095861, 0.031015342703037522], [0.00025643235886092596, 0.9955746485398622, 0.001985526614387719, 0.00027402320849139296, 0.0019093692783977187], [0.6273450962951346, 0.012352001528049645, 0.02583168209702419, 0.30817722411628923, 0.026293995963502428], [0.5438145758647754, 0.01276906824984118, 0.026349506934719935, 0.39025607079708746, 0.026810778153576055], [0.03741005393908086, 0.00030829197473955197, 0.0007822843816105212, 0.9606983949509298, 0.0008009747536392812], [0.7945859675198661, 0.0008110728900580944, 0.0019043664605212082, 0.20075345515205567, 0.0019451379774989097], [0.0691710121734594, 0.04652145696667734, 0.3866917386973384, 0.08040336203686682, 0.41721243012565795], [0.6200732811062012, 0.0018215644469572415, 0.004431290016419104, 0.3691427369213325, 0.004531127509090059], [0.005279038824951843, 0.01727664766898062, 0.46513707095326096, 0.0058580772108239735, 0.5064491653419827], [0.0019519280938016016, 0.0050133405489499756, 0.531935752392898, 0.002176678036470385, 0.45892230092788006], [0.003440274812354319, 0.9271211898895171, 0.03363892305296694, 0.0036916418435351856, 0.03210797040162641], [0.1408647372680819, 0.05420292014024079, 0.3094126600432019, 0.16836280001513865, 0.3271568825333368], [0.0016530126051562941, 0.0038626501079677016, 0.45057330066176376, 0.0018471902525596042, 0.5420638463725527], [0.5647114267168962, 0.009906359041113802, 0.02088741215778479, 0.3832285270743148, 0.021266275009890315], [0.005589316800679596, 0.9021916654108015, 0.043975885521043964, 0.005974537540937244, 0.0422685947265376], [0.0008732433916154211, 0.983376745108692, 0.007565225331332223, 0.0009350781951480857, 0.00724970797321204], [0.0020775652674707118, 0.9612295947945989, 0.01759538574314806, 0.002223771015693863, 0.016873683179088377], [0.5883131751724244, 0.007440301098721669, 0.016019750725459327, 0.37190648889072575, 0.016320284112668802], [0.32105361073458605, 0.004982671147371782, 0.014006423502675381, 0.6455680469791182, 0.014389247636248662], [0.368730158338032, 0.0019444521630673736, 0.004914189503253813, 0.6193802457833477, 0.005030954212299058], [0.5395072809796667, 0.013449605632732592, 0.027621051152134847, 0.39132134070163266, 0.02810072153383312], [0.0117590819484696, 0.8119402974049762, 0.08337243316447979, 0.012544352206279927, 0.08038383527579451], [0.013587206460767231, 0.01953274287291068, 0.4392159494306204, 0.01537359293241411, 0.5122905083032876], [0.5596819657452122, 0.010532071349648864, 0.02209763050225951, 0.3851930963855673, 0.02249523601731207], [0.00014457979576557741, 0.9975220035190839, 0.0011106436348905149, 0.0001544745679150951, 0.0010682984823448308], [0.004797272895898907, 0.9201622242758032, 0.035620779465033725, 0.005122254104014665, 0.03429746925924943], [0.5377529709402145, 0.013736179214651315, 0.028153569334024013, 0.3917164207647646, 0.02864085974634572], [0.15724383072397594, 0.05411054873267026, 0.2917825718356491, 0.189188071767743, 0.3076749769399617], [0.9988610161681106, 5.319583783515204e-06, 1.2907498803952629e-05, 0.0011075595059242774, 1.319724337751224e-05], [0.005585872145596896, 0.011307530256330812, 0.46622486538957286, 0.006263067157862873, 0.5106186650506367], [0.5328446447609514, 0.014567473108844974, 0.029688712010225087, 0.3927014797352418, 0.03019769038473683], [0.24262752785844313, 0.001638587914210172, 0.004379811963843986, 0.7468620709649646, 0.004492001298537963], [0.10331163796744298, 0.05216743659204942, 0.34986349518714577, 0.12169266520059054, 0.3729647650527713], [0.5580377880916438, 0.010744997226240128, 0.022507304938897996, 0.38579871821976525, 0.022911191523452827], [0.1620106954408647, 0.053989411842126724, 0.28664911784283553, 0.19530912441395118, 0.30204165046022186], [0.0006673447326862885, 0.0016930421883702, 0.3498278423377783, 0.0007443822542348322, 0.6470673884869304], [0.1265279294636092, 0.05383116758700877, 0.32484532205906025, 0.15037816666711012, 0.34441741422321165], [0.13848166455317998, 0.054171966266598516, 0.3119774651047004, 0.1653581924374033, 0.3300107116381178], [0.8834004879709058, 0.001055399691021645, 0.0026697520849812487, 0.11014109288824664, 0.0027332673648448225], [0.0013744101616473838, 0.9762982240416491, 0.010633144607006935, 0.0014686696179112366, 0.01022555157178526], [0.0029764318918867106, 0.006229130366832165, 0.4184566658335429, 0.00333459962885919, 0.569003172278879], [0.5403524818845621, 0.0006153497093882444, 0.0015025631890377331, 0.45599300944371685, 0.0015365957732950614], [0.0012024375367741566, 0.004931279250306494, 0.5622884959076825, 0.0013289309278791794, 0.43024885637735766], [0.007692102940929003, 0.017134502654159407, 0.46501808250532295, 0.008605095143804076, 0.5015502167557846], [0.005816937311620845, 0.8933460549201127, 0.048282014652104084, 0.0062240129850318375, 0.046330980131130635], [0.004193805748760162, 0.9302297718542156, 0.03112728415392805, 0.004477871269936629, 0.029971266973159494], [0.010640094895349526, 0.028238859131438834, 0.4600205814989592, 0.011856924497008856, 0.48924353997724357], [0.5408630683647637, 0.013231880578403347, 0.027215316340433702, 0.3910005875876536, 0.027689147128745602], [0.0054988661965467665, 0.875472399663563, 0.057950390556002616, 0.005907973631148265, 0.05517036995273917], [0.07786156888276095, 0.04841017194821147, 0.37732624703569717, 0.09081724047691568, 0.40558477165641466], [0.7628507118931037, 0.004394662364280381, 0.010338583757435594, 0.2118554843728034, 0.010560557612376882], [0.1361135040009673, 0.0541293732888142, 0.314526320525744, 0.16237849549084324, 0.3328523066936312], [0.09812174994273236, 0.05158588034741191, 0.3554621808519642, 0.11534957816167545, 0.3794806106962161], [0.10404364426467706, 0.0522427325250743, 0.34907399750545, 0.12258930599330124, 0.3720503197114974], [0.0642341102812252, 0.04527803615339487, 0.3919993676622503, 0.07451623911651642, 0.4239722467866132], [0.16347091351784046, 0.0016469603850098496, 0.003951595196554588, 0.8268916408052612, 0.004038890095333907], [0.5580757161125741, 0.010740038066653513, 0.022497775668260823, 0.3857849536389435, 0.022901516513568063], [0.5211733323126867, 0.016723980636506052, 0.03360722074300144, 0.39432575097625516, 0.034169715331550644], [0.017320410672616957, 0.049256064571304915, 0.4463894269113568, 0.019273517486756854, 0.4677605803579645], [0.12013376607702717, 0.05351334661145839, 0.3317315431849564, 0.14242547598842595, 0.35219586813813214], [0.5198161832596724, 0.01699158923962778, 0.03408728559115305, 0.39444878435043806, 0.03465615755910864], [0.010809762686342489, 0.04830770953275655, 0.4516655036924478, 0.0119299125819365, 0.47728711150651676], [0.002900958856751902, 0.00609867040472158, 0.4176926966556975, 0.0032496941628400067, 0.5700579799199891], [0.00291879407739693, 0.006129581154609622, 0.4178762537722385, 0.0032697571251029123, 0.569805613870652], [0.0010704423864476259, 0.9827480829860289, 0.007657888166885205, 0.001142128417472974, 0.007381458043165212], [0.14538298297720934, 0.05422966516787072, 0.3045499337608026, 0.17407670618443036, 0.321760711909687], [0.5307521765250625, 0.014935275920071852, 0.03036346363089491, 0.39306723914944985, 0.030881844774520804], [0.003651921050808634, 0.937812346421755, 0.02784503254581898, 0.003901297678996634, 0.02678940230262062], [0.09250608681039657, 0.0508574807140588, 0.3615221399038605, 0.10851350329308011, 0.38660078927860403], [0.3861613415707087, 0.002397980575394697, 0.005632577660557825, 0.6000548625143581, 0.005753237678980637], [0.04232322312118201, 0.037833403938225124, 0.4152051021858606, 0.04864049108205191, 0.45599777967268024], [0.10431808155022085, 0.052270544236351246, 0.3487780173261425, 0.12292559377245019, 0.3717077631148352], [0.1411531835975676, 0.054205868047478116, 0.30910222112513785, 0.16872689928261606, 0.3268118279472004], [0.0017858425938950255, 0.004052457318621654, 0.400644654710071, 0.0019969554483244387, 0.5915200899290879], [0.0026716096158898904, 0.010255394673889133, 0.4632956319035883, 0.0029560243145871365, 0.5208213394920455], [0.5178583142916688, 0.017383946997734285, 0.03478873973696802, 0.39460213818676204, 0.03536686078686684], [0.11443709478531214, 0.053143990677244596, 0.33786912857597706, 0.13537426941531736, 0.3591755165461489], [0.5416332295016129, 0.013109645512015697, 0.026987089040519427, 0.3908124137960111, 0.02745762214984092], [0.5391767362801962, 0.013503181755637939, 0.027720738219902293, 0.3913975048582743, 0.028201838885989323], [0.011895490757164137, 0.03737292164894332, 0.4556131660908657, 0.01321062241385963, 0.48190779908916725], [0.5274113971298523, 0.01553939562599274, 0.031465932069568575, 0.3935837677784562, 0.031999507396130174], [0.004770655577969598, 0.013686722455095073, 0.46570659678190107, 0.0053076588947876735, 0.5105283662902466], [0.11715199534796072, 0.05333048779371168, 0.3349437769830535, 0.1387307737885985, 0.35584296608667554], [0.0027595448440466946, 0.0071595866407051754, 0.46300596468655175, 0.003076618718156867, 0.5239982851105396], [0.01662509992948991, 0.061900262854644936, 0.44132809110068566, 0.018404897690378095, 0.46174164842480137], [0.7974328249052731, 0.000787315730207091, 0.0018496587285420456, 0.1980409080428384, 0.0018892925931392119], [0.04774233083557087, 0.00023333528344846155, 0.0005789585974667552, 0.9508530055328421, 0.0005923697506717327], [0.1251240417893109, 0.05376983487002802, 0.3263570147532791, 0.14862857634452795, 0.346120532242854], [0.5177745070273507, 0.017400908602395442, 0.034818999687335365, 0.3946080667972425, 0.035397517885676], [0.7286920605932209, 0.0011895291906888618, 0.0030292033696513957, 0.26398727591478577, 0.0031019309316530665], [0.18291680821889506, 0.001089589908730532, 0.0026383842769780157, 0.8106577796169888, 0.0026974379784075807], [0.000745517653565968, 0.9881265225763339, 0.0052602931379547605, 0.0007952272864377801, 0.005072439345707416], [0.0011931172419017745, 0.0028840424232130404, 0.41643055887823, 0.001332260846054509, 0.5781600206106007], [0.5413952085700796, 0.013147311336304717, 0.027057449439985587, 0.39087103046851984, 0.027529000185110265], [0.1920863782981972, 0.05234789886728438, 0.25418407144842575, 0.23464037649757644, 0.26674127488851623], [9.560638879590184e-05, 0.998372649815089, 0.0007286107566049024, 0.00010213403102962876, 0.0007009990084807453], [0.5402266875013517, 0.01333367154011006, 0.027405130301007247, 0.3911528140003714, 0.027881696657159706], [0.5224823743217937, 0.016469226751632, 0.03314897130596616, 0.39419408541317535, 0.033705342207432716], [0.6486985170111316, 0.0008158634216406664, 0.002065938923127916, 0.34630452236815, 0.0021151582759497073], [0.20437031747650075, 0.05127588761575247, 0.24085842479270062, 0.2511090147796778, 0.2523863553353684], [0.13118199877092182, 0.05400172084032565, 0.3198346487047441, 0.15619270118915782, 0.3387889304948506], [0.536070895698176, 0.014016137176130608, 0.02867214617274672, 0.3920740119173242, 0.029166809035622392], [0.7409464313201987, 0.0034